2 ^ 32 2
294967296, 4, 
2 ^ 64 3
709551616, 446744073, 18, 
2 ^ 128 5
768211456, 374607431, 938463463, 282366920, 340, 
2 ^ 256 9
129639936, 584007913, 564039457, 984665640, 907853269, 985008687,
195423570, 89237316, 115792, 
2 ^ 512 18
6084096, 946433649, 811946569, 853753882, 186486050, 690031858,
166903427, 801874298, 73546976, 721764030, 723561443, 592393377,
479365820, 205846127, 574024998, 942597099, 407807929, 13,

2 ^ 1024 35
224137216, 356329624, 716304835, 245938479, 298239947, 510684586,
237163350, 110540827, 881473913, 682342462, 768838150, 952085005,
119453082, 601246094, 276302219, 424865485, 377767893, 639474124,
492847430, 814416622, 658789768, 871393357, 120113879, 407536021,
708477322, 500963132, 732675805, 430081157, 230657273, 797697894,
902473361, 930519078, 231590772, 769313486, 179, 
2 ^ 2048 69
596230656, 853611059, 148193555, 478604952, 604645318, 135433229,
335543602, 166389437, 638215525, 268352998, 935045997, 580656697,
469678542, 726931323, 725157101, 710820209, 227125684, 233287231,
403697613, 301645904, 598351152, 461857357, 943603718, 177116725,
258592864, 460314150, 26192708, 805659331, 322058077, 176035326,
569494856, 974786564, 342420684, 333389668, 385521914, 399123930,
808607552, 891541065, 42887575, 852036305, 470581645, 338476170,
161838094, 642619756, 276792218, 384067568, 796057638, 389652106,
750197750, 300996091, 630877367, 448283120, 88152386, 490921095,
119559150, 898019494, 717960921, 913463688, 201411522, 890893197,
655138867, 345427524, 484032130, 102669715, 951960444, 876688669,
7300714, 6071311, 32317, 
2 ^ 4096 138
154190336, 708340403, 90243804, 738033436, 602920781, 491511131,
726673216, 413467189, 903001302, 103126085, 338977648, 522981857,
411929804, 148385078, 616910874, 2440926, 520317457, 884912819,
746373296, 221846571, 550807568, 119433165, 329070473, 659250178,
449867455, 624817718, 469201774, 996090799, 59899795, 850267253,
763473223, 901781465, 447899971, 856440730, 926708342, 902916136,
380631045, 154816321, 571642377, 919823050, 412945674, 440616007,
782878948, 963395687, 693002122, 394905987, 223269061, 534517065,
782954323, 791554849, 272884279, 134090584, 271106831, 611551794,
790513399, 135459982, 14907159, 375124784, 419370285, 79921636,
675195485, 17678006, 202313169, 270197698, 622102834, 380087608,
825731835, 913245610, 23806505, 492194617, 862595674, 412344784,
225998300, 368125550, 318492846, 656751221, 188091833, 796825837,
933015213, 616369411, 550769983, 972088269, 850551032, 93668333,
417061675, 41349008, 475100189, 872639496, 734087811, 914434496,
486318237, 559885291, 541693835, 867714215, 15972399, 443059025,
303026696, 432823469, 599579453, 190260940, 946905630, 881787785,
686938976, 598029006, 467977783, 118609114, 284048740, 803704071,
807908705, 586617496, 334684344, 712745672, 318839397, 946226376,
70011855, 718314428, 590134383, 998340361, 976543709, 277945956,
87851365, 607263236, 438185793, 837987573, 714439262, 340890106,
934997558, 848826811, 971557456, 283953907, 384233483, 47383780,
579964249, 716624382, 691752710, 413152506, 44388881, 1,

2 ^ 8192 275
715792896, 505665475, 661997186, 468950587, 90806576, 581781469,
266605403, 123214227, 433851147, 595650875, 254270163, 437610652,
976000815, 660418822, 15189689, 244232028, 318547238, 397828465,
31930023, 340362970, 675567650, 212638793, 867541113, 558524822,
180441339, 896089189, 386855096, 198615747, 422101460, 118723781,
873059614, 232758350, 333528009, 663962671, 321424808, 4288017,
288906309, 813623833, 497355827, 963754561, 598185705, 964938414,
360767529, 930596963, 973086090, 655703943, 538903974, 116099852,
844095492, 385438585, 221977090, 707717942, 38077270, 576605881,
19768025, 610474377, 367854754, 184617404, 949525227, 455928723,
404904273, 265238595, 298834367, 437491311, 944530051, 641568336,
185078350, 665169436, 308893304, 731966330, 676978589, 532776208,
773821539, 18906023, 756509351, 536451620, 622796294, 76546186,
951197087, 102958954, 234026821, 346236704, 944657061, 85693838,
862594203, 152031231, 708699450, 528362987, 477466841, 873107937,
276155607, 402992120, 216157115, 918035565, 179158765, 648693232,
308430079, 61288818, 790754955, 2994422, 581819563, 340761738,
93143648, 79393179, 815778153, 188769662, 629866808, 619387449,
507571039, 422355148, 869806258, 363945290, 703622776, 372095228,
372804574, 729303537, 281078209, 417183012, 24751419, 438785324,
413033485, 856174822, 653616298, 498727603, 726219481, 714037868,
941821189, 308356405, 211605960, 861598652, 493840581, 853813510,
748727761, 930004777, 204118558, 738560008, 479877527, 115972927,
845172954, 561090795, 54935621, 907352780, 578912967, 80978550,
828936077, 357439653, 495834508, 4130725, 255670312, 213535470,
315070087, 433955666, 915694234, 545336789, 878537675, 993638020,
368621157, 658628383, 527611362, 763756314, 60556483, 599117426,
242741410, 991961414, 827459339, 580434690, 72715611, 977764941,
438018526, 790272448, 763427383, 982459184, 920967322, 364568754,
632411049, 520878304, 276759160, 927564910, 27022310, 575137281,
408157066, 82706715, 6263612, 620969857, 616749458, 117021823,
359970390, 511868756, 495370993, 428167407, 434832877, 404885739,
395310665, 181187406, 921691446, 435996308, 5427623, 409516168,
635251626, 324396138, 221664970, 730828430, 786321505, 629547032,
105748966, 492515342, 561271491, 655050115, 961120515, 49996900,
683851737, 497257879, 945699168, 792761700, 45206501, 27627883,
277368075, 743722432, 899226365, 757519164, 245131517, 382442812,
47242407, 493565836, 578013326, 256438504, 616105920, 140814900,
406677825, 694349945, 55617515, 279344088, 752768696, 843928918,
293551245, 847426035, 364560014, 911005312, 195475653, 350501630,
805880952, 800905297, 26535836, 10079600, 799917200, 900252535,
886301017, 290553901, 324560121, 886542609, 638196771, 851613591,
205159696, 825228048, 989538609, 298842192, 799078906, 765077554,
63610979, 820177184, 273109870, 796157025, 223957291, 525201987,
216264234, 849119295, 189721331, 431832786, 996232692, 448264161,
733782862, 462984244, 619415929, 90748135, 1, 
2 ^ 16384 549
964066816, 27290669, 152460447, 717369943, 288295679, 818213934,
899228091, 473982488, 583170390, 876110414, 94146798, 805268520,
485412320, 21409069, 840985420, 264327730, 954005084, 142578483,
528212984, 396719744, 955702988, 689033575, 564480545, 872444365,
46596078, 586028150, 129338896, 42361037, 862312719, 408017538,
798300175, 937520465, 533937210, 949215904, 796347624, 409916458,
517237211, 401264136, 568387063, 761070511, 266476272, 4404915,
587195041, 749424086, 19035629, 686961468, 961055068, 61949671,
219888361, 401653934, 787018527, 355410286, 836379072, 585706424,
479112388, 779656273, 797188834, 834205793, 607921857, 749024863,
61948854, 686397487, 95576788, 799455690, 99345259, 732164109,
114446500, 46477925, 545964152, 349100482, 57612509, 625891720,
174192728, 212922996, 828698790, 139824366, 31379944, 601872442,
746360764, 7472354, 193611669, 929937901, 235530653, 877759869,
405859754, 934288772, 865632764, 787226118, 178961691, 883823262,
660562583, 427757919, 337107358, 346744541, 928597158, 177748218,
75220056, 347727727, 16511172, 217674352, 177518115, 628817947,
354201700, 603833146, 337864981, 193696254, 652147867, 197200591,
524006194, 749347810, 845419990, 207305331, 275695283, 442026397,
549170905, 422433557, 160979113, 458787911, 161028815, 273480985,
793706604, 17894897, 7711172, 395929388, 248815521, 147542099,
49763409, 447087462, 445533539, 338016112, 792622894, 698326428,
117771344, 588001937, 657759654, 887679046, 537381601, 660709069,
66590539, 499691864, 500329358, 200750183, 614758284, 182058601,
140170384, 911712881, 248327097, 344080399, 770491035, 898424186,
897661906, 424364561, 339268892, 95506267, 672726465, 225803505,
997405009, 675963640, 405472140, 68869443, 353417004, 406596321,
919007803, 114083747, 454369271, 980520112, 726286143, 936974358,
924978259, 3299015, 741339550, 970801130, 11928153, 320928040,
264258801, 361100880, 298886952, 794192807, 912195973, 474268157,
247697191, 799068972, 818353212, 193422686, 180570794, 711392529,
804401112, 116435462, 476727635, 547574816, 139866071, 849715883,
300004138, 476588189, 518857013, 255109954, 286512380, 403767157,
643826570, 840073528, 95450484, 687040285, 968553005, 624166301,
204900368, 833067490, 895586938, 572425810, 106149905, 16516069,
891959681, 910933774, 74457341, 237386680, 482001254, 640589448,
284147501, 370327089, 546852344, 318800833, 368907550, 177334344,
921539892, 317767779, 217903886, 347480314, 971943944, 239909701,
540712188, 234021613, 721373471, 210606724, 919674223, 416695719,
566213750, 508666032, 439925762, 136311870, 217005121, 488073475,
910906960, 665526314, 23781629, 760924864, 424277105, 53627234,
568984536, 561773535, 681545837, 923197638, 610107429, 464243689,
204254226, 932786613, 220983981, 646499540, 727701049, 162858093,
227470029, 217752811, 636104443, 890406496, 340606642, 713442728,
315097274, 133104513, 625868247, 201582071, 837033887, 991913366,
617752186, 451173600, 219640761, 789568674, 292454391, 29173307,
540515403, 717184569, 707382159, 287298298, 654210118, 878912900,
924660228, 432939091, 795100976, 978645319, 539802602, 213552890,
353553137, 396425081, 715127106, 792751116, 639074472, 269373608,
897117943, 539488216, 935255914, 877190108, 924201167, 916963125,
707903495, 21255363, 81390451, 315312134, 439335021, 852156325,
533325988, 636577825, 11973883, 133321048, 921891152, 82847550,
708203966, 249949580, 22651427, 920936450, 125295775, 703698548,
928447249, 52583142, 459575846, 396878371, 338417129, 21769818,
61480888, 585142073, 503298816, 583129721, 951476908, 966454159,
641681105, 55319165, 939215658, 794806980, 986155020, 454084894,
271871455, 808575244, 875968512, 795681359, 40149114, 125229448,
145052549, 356227126, 753627770, 709698634, 830744424, 197651553,
289081466, 726261957, 175874034, 650160123, 264846417, 584565587,
210409274, 824062312, 492661798, 65498347, 761297664, 156659252,
125050068, 88870496, 73006907, 732946756, 415354212, 480357906,
820604342, 669627763, 167626688, 101995435, 330110645, 703551840,
562761306, 710052094, 789278195, 3611618, 912042640, 352956873,
837172183, 569339464, 464036640, 84647369, 51066517, 983850062,
556645164, 77979275, 121810495, 469214274, 901343611, 110598284,
696077748, 494195636, 683518216, 33031520, 97453040, 15197559,
573500701, 547291371, 799917647, 866846863, 508189891, 532055050,
458555136, 64169042, 478686862, 834297364, 344820812, 927592692,
630436193, 496808703, 695119323, 895100278, 187428531, 454906327,
52713655, 844364946, 945780157, 364194133, 826969688, 944251258,
988088008, 691938687, 604017517, 648877869, 930976419, 740265407,
708807901, 798931717, 766279240, 262573723, 605018188, 662387301,
40701908, 385405998, 633337013, 48034164, 838438705, 72877482,
627479727, 623857880, 433681237, 2060993, 149808200, 200048042,
282026626, 171255062, 439504983, 413965608, 589597169, 598071281,
455327701, 3441951, 823027588, 260141806, 153104257, 789604676,
926030894, 758250988, 441653077, 349734811, 397334226, 977897158,
847672335, 485229014, 491742621, 739784016, 475675334, 79061399,
240608239, 684738322, 644885377, 191743889, 170437644, 573595077,
345791848, 138074411, 617928377, 173400364, 288994445, 593816898,
274739014, 341366951, 402942705, 321323198, 51872439, 121674472,
623114025, 599898980, 419234888, 832538063, 414675289, 888015908,
793281725, 556134369, 405285113, 767658965, 283178291, 649645193,
657539360, 311343850, 859630690, 451903817, 431622213, 755780793,
835647545, 372270610, 89067517, 950267880, 417365323, 406875202,
164290613, 323712757, 320780964, 120815363, 106357018, 999885790,
236158695, 286855313, 886122905, 44338404, 614138476, 280967845,
984784714, 647464830, 135847036, 345709482, 446845952, 251619531,
897522143, 634366004, 6080871, 698341565, 426274524, 381308687,
258897667, 484839309, 915115437, 472612039, 904488595, 180483686,
233261358, 472674821, 96510237, 763444687, 628007130, 85759326,
357231765, 189731495, 1, 
2 ^ 32768 550
712377856, 298764729, 731536781, 989093545, 11680620, 436150442,
336941158, 912834171, 529729028, 851637045, 629084145, 192196124,
565905778, 452324214, 182462493, 852373816, 34522137, 55644772,
792194129, 951647713, 65310548, 688708737, 376369125, 646888802,
396642309, 701792133, 216645428, 187739530, 443471574, 563146085,
317848969, 397004148, 892455730, 780592810, 213952738, 257790047,
520677031, 467162207, 468846846, 839226082, 820312776, 635701571,
552106088, 989825429, 963082156, 187797506, 69700243, 999738836,
124452198, 497241216, 845121261, 556407821, 254714015, 102751293,
969976736, 147433122, 696773285, 514808389, 859027435, 363323497,
152738879, 862214227, 352400047, 683525450, 299554045, 448882412,
563199121, 279370873, 713587857, 672151233, 449957534, 716705828,
256715485, 974834165, 103624634, 127759660, 833138336, 827337034,
917052672, 248346509, 280479753, 481447801, 604633119, 346474391,
627542426, 37865873, 515476226, 886828111, 387284433, 275604820,
13610406, 625942371, 689619343, 932245473, 793993833, 472163593,
58622855, 676324392, 353701114, 473421105, 120224459, 179086076,
747009716, 800957241, 52705994, 190631681, 886617603, 507402373,
203972850, 768449943, 664473197, 212037454, 867885119, 409530625,
249331461, 797981958, 319668382, 732255997, 403605240, 600736297,
820106806, 138624150, 54920229, 457422693, 483553520, 848761571,
410176185, 11836243, 795964010, 282063492, 33155621, 734754678,
299354040, 318962037, 891914819, 141261791, 908834328, 971226073,
546421512, 371782753, 600120472, 218578259, 659040334, 384152477,
975894000, 426990511, 610265286, 951343498, 200711054, 157216615,
428052241, 11913832, 887403664, 61813752, 243559863, 755543341,
506771010, 108135311, 638180355, 23605723, 832934009, 924501541,
909351268, 613624478, 491195491, 837845728, 332217590, 690892498,
926659230, 778727085, 546553271, 83002939, 419388003, 699420177,
189443689, 891161221, 506710207, 22739504, 23786899, 928595980,
716740048, 839229794, 226568871, 823134952, 620644297, 533299974,
518529322, 895325411, 285911725, 842503149, 263298645, 963278766,
927667493, 201660258, 941643466, 582899292, 177125121, 730579190,
785359637, 965538679, 5425955, 115703205, 319934820, 393317428,
976726307, 794949485, 571982130, 906326608, 483909208, 156001905,
677968290, 946952313, 543897279, 820192732, 480643884, 961238982,
180997845, 844715801, 459236761, 535659926, 434206104, 743180231,
668386028, 816347693, 876396347, 150734129, 757556544, 507600919,
688842390, 841376885, 559450807, 530323009, 127922922, 943788104,
539642515, 423461999, 138101834, 918023749, 189578486, 226513036,
69974801, 380371397, 990935099, 874640103, 452630090, 142298422,
26457613, 749053670, 576232215, 62436333, 384000272, 690508551,
761926351, 199248929, 848943116, 286307963, 932558737, 879894321,
750463747, 395116082, 216391747, 157683921, 719803228, 509681609,
363266043, 346915434, 249113196, 955034744, 518532377, 314419250,
990330537, 610811983, 556048472, 768270353, 317786013, 473626086,
597291865, 441255267, 413749588, 77042834, 732219044, 675028665,
737124809, 873738498, 748194627, 448164770, 722134709, 230304016,
280281047, 963060943, 498894761, 971996968, 172186196, 195102620,
144173645, 533521895, 675252511, 347905319, 258844147, 199151677,
343935641, 812800477, 968865606, 150011176, 156745101, 400559515,
962749843, 398117087, 872670085, 262686791, 735742430, 630665467,
660062830, 433893222, 346714528, 111680689, 750346671, 714976667,
845801602, 178301055, 614419999, 912298558, 417508531, 450416212,
960000167, 284021251, 601805911, 924652023, 755260941, 794375057,
716438064, 883952100, 998736299, 448642328, 980063355, 902996834,
420905458, 241605352, 59618353, 166175119, 266291019, 241503997,
187843539, 275491165, 16507071, 126476869, 439630887, 179058380,
681781560, 745612760, 675620796, 840332688, 592996071, 457590634,
405611868, 518287191, 757146297, 320512043, 23862607, 6523447,
48373475, 235617357, 463175208, 424832432, 381638637, 378276509,
650812189, 171730023, 22351314, 428588288, 551186734, 597990158,
121692678, 999252205, 76414781, 826785205, 4516081, 617696412,
248853337, 88716545, 581019525, 961969430, 530005591, 742974126,
847775020, 899881531, 145211151, 274365040, 631066487, 379899209,
309434504, 950680434, 653557869, 972997550, 14165232, 410053386,
801489478, 17137730, 533127402, 943172267, 975455351, 480149810,
436903594, 448788062, 971234636, 770159142, 119692995, 453738975,
170932821, 70082262, 943642353, 682316320, 971663771, 429838459,
974132574, 83051421, 408994337, 118985793, 389780887, 601308562,
710663832, 795893452, 89490999, 722008349, 661973525, 818957584,
986378530, 292941248, 843923397, 836620355, 380388021, 817181574,
489270544, 398401727, 949417741, 157281021, 786821424, 838148244,
583697994, 613042462, 914972072, 377405977, 386678135, 42399386,
547902495, 618115103, 742045450, 61776297, 839534410, 183122361,
516250692, 180364343, 246638079, 412363282, 812829795, 37634349,
257445170, 622769864, 450997448, 110914852, 484812142, 871565670,
957493559, 375012193, 386757927, 306885799, 412317765, 661018389,
952317495, 115685170, 749483126, 177400016, 962475425, 720978108,
453099947, 117211822, 63550590, 410445267, 600006657, 420466722,
30438590, 803064783, 968877829, 791261258, 414661256, 859529649,
203996720, 170971234, 208619308, 999387852, 342732143, 382683614,
667844269, 154775691, 998260899, 552127368, 104765990, 18218282,
816179133, 784593477, 544339314, 822178094, 37449282, 117577741,
734989903, 478697828, 882109614, 504537117, 969543297, 903864890,
565853088, 97958840, 908971351, 640548490, 818988770, 31479911,
123321830, 484266170, 884568168, 825083351, 183157600, 319602045,
942322400, 79479543, 83756734, 703714932, 520415871, 525372650,
934084728, 520194578, 555047950, 55869406, 767843513, 200187715,
862125324, 148864793, 88456081, 524230250, 345593104, 373951216,
876894461, 909719470, 351685501, 681248909, 980409768, 964566850,
340287960, 623965210, 146980654, 0, 
